acquire 1574
    0384 1574 1578 2471 2546
    2609 2644 2672 2772 2876
    2918 2933 2962 2973 3033
    3055 3133 3275 3292 3516
    3922 3942 4459 4515 4620
    4683 4774 4786 4805 4980
    5007 5026 5081 5408 5441
    5512 5525 6030 6054 6068
    6963 6984 7005 8160 8331
    8378 8414
acquiresleep 4772
    0393 4627 4642 4772 5461
    5510
allocuvm 1927
    0436 1927 1941 1947 2561
    6801 6815
alltraps 3404
    3359 3367 3380 3385 3403
    3404
ALT 7860
    7860 7888 7890
argfd 6221
    6221 6273 6288 6307 6318
    6331
argint 3702
    0410 3702 3716 3732 3883
    3906 3920 3953 6226 6288
    6307 6558 6625 6626 6682
argptr 3711
    0411 3711 3965 3967 3969
    6288 6307 6331 6707
argstr 3729
    0412 3729 6357 6458 6558
    6607 6624 6658 6682
__attribute__ 1305
    0272 0367 1209 1305
BACK 8711
    8711 8824 8970 9239
backcmd 8746 8964
    8746 8759 8825 8964 8966
    9092 9205 9240
BACKSPACE 8250
    8250 8267 8309 8342 8348
balloc 5166
    5166 5186 5567 5575 5579
BBLOCK 4260
    4260 5173 5207
B_DIRTY 4012
    4012 4444 4468 4473 4510
    4528 4636 4669 5089
begin_op 4978
    0336 2639 4978 6083 6174
    6360 6461 6561 6606 6623
    6657 6771
bfree 5202
    5202 5614 5624 5627
bget 4616
    4616 4646 4656
binit 4588
    0263 1230 4588
bmap 5560
    5302 5560 5586 5670 5720
bootmain 9367
    9318 9367
BPB 4257
    4257 4260 5172 5174 5208
bread 4652
    0264 4652 4927 4928 4940
    4956 5040 5041 5135 5156
    5173 5207 5361 5385 5464
    5576 5620 5670 5720
brelse 4676
    0265 4676 4679 4931 4932
    4947 4964 5044 5045 5137
    5159 5179 5184 5214 5367
    5370 5394 5472 5582 5626
    5673 5724
BSIZE 4205
    4009 4205 4224 4251 4257
    4430 4446 4469 4908 4929
    5042 5157 5670 5671 5672
    5716 5720 5721 5722
buf 4000
    0250 0264 0265 0266 0308
    0335 2120 2123 2132 2134
    4000 4006 4007 4008 4363
    4381 4384 4424 4456 4504
    4506 4509 4576 4580 4584
    4590 4603 4615 4618 4651
    4654 4665 4676 4856 4927
    4928 4940 4941 4947 4956
    4957 4963 4964 5040 5041
    5072 5120 5133 5154 5169
    5204 5357 5382 5455 5563
    5609 5656 5706 8080 8091
    8095 8098 8318 8340 8354
    8388 8409 8416 8834 8837
    8838 8839 8853 8865 8866
    8868 8869 8870 8874
B_VALID 4011
    4011 4472 4510 4528 4657
bwrite 4665
    0266 4665 4668 4930 4963
    5043
bzero 5152
    5152 5180
C 7881 8324
    7881 7929 7954 7955 7956
    7957 7958 7960 8324 8334
    8338 8345 8356 8389
CAPSLOCK 7862
    7862 7895 8036
cgaputc 8255
    8255 8313
clearpteu 2022
    0445 2022 2028 6817
cli 0557
    0557 0559 1124 1672 8210
    8304 9262
cmd 8715
    8715 8727 8736 8737 8742
    8743 8748 8752 8756 8765
    8768 8773 8781 8787 8791
    8801 8825 8827 8902 8905
    8907 8908 8909 8910 8913
    8914 8916 8918 8919 8920
    8921 8922 8923 8924 8925
    8926 8929 8930 8932 8934
    8935 8936 8937 8938 8939
    8950 8951 8953 8955 8956
    8957 8958 8959 8960 8963
    8964 8966 8968 8969 8970
    8971 8972 9062 9063 9064
    9065 9067 9071 9074 9080
    9081 9084 9087 9089 9092
    9096 9098 9100 9103 9105
    9108 9110 9113 9114 9125
    9128 9131 9135 9150 9153
    9158 9162 9163 9166 9171
    9172 9178 9187 9188 9194
    9195 9201 9202 9211 9214
    9216 9222 9223 9228 9234
    9240 9241 9244
CMOS_PORT 7627
    7627 7641 7642 7684
cmos_read 7682
    7682 7693 7694 7695 7696
    7697 7698 7707 7714
CMOS_RETURN 7628
    7628 7687
CMOS_STATA 7670
    7670 7714
CMOS_STATB 7671
    7671 7707
cmostime 7702
    0325 7702
CMOS_UIP 7672
    7672 7714
COM1 8464
    8464 8474 8477 8478 8479
    8480 8481 8482 8485 8491
    8492 8507 8509 8517 8519
commit 5051
    4903 5025 5051
CONSOLE 4336
    4336 8428 8429
consoleinit 8424
    0269 1226 8424
consoleintr 8327
    0271 8048 8327 8525
consoleread 8371
    8371 8429
consolewrite 8409
    8409 8428
consputc 8301
    8067 8098 8168 8186 8189
    8193 8194 8301 8342 8348
    8355 8416
context 2326
    0251 0381 2303 2326 2345
    2509 2510 2511 2512 2810
    2870 3021
CONV 7723
    7723 7724 7725 7726 7727
    7728 7729 7730
copyout 2118
    0444 2118 6825 6836
copyuvm 2035
    0441 2035 2046 2048 2586
    3111
cprintf 8152
    0270 1254 1941 1947 2764
    3019 3023 3025 3044 3540
    3553 3558 3816 5301 6775
    7809 8152 8213 8214 8215
    8218
cpu 2301
    0311 0363 1254 1268 1506
    1566 1590 1608 1656 1717
    2301 2312 2429 2453 2760
    3540 3553 3558 7363
CR0_PE 0707
    0707 1137 1170 9293
CR0_PG 0709
    0709 1054 1170
CR0_WP 0708
    0708 1054 1170
CR4_PSE 0711
    0711 1047 1163
create 6507
    6507 6526 6539 6543 6564
    6607 6627
CRTPORT 8251
    8251 8260 8261 8262 8263
    8281 8282 8283 8284
CTL 7859
    7859 7885 7889 8035
DAY 7677
    7677 7696
deallocuvm 1961
    0437 1942 1948 1961 2009
    2564
DEVSPACE 0204
    0204 1813 1826
devsw 4329
    4329 4334 5659 5661 5709
    5711 6012 8428 8429
dinode 4228
    4228 4251 5358 5362 5383
    5386 5456 5465
dirent 4265
    4265 5764 5805 6405 6454
dirlink 5802
    0288 5802 5817 5825 6380
    6538 6542 6543
dirlookup 5761
    0289 5761 5767 5771 5809
    5925 6473 6516
DIRSIZ 4263
    4263 4267 5755 5822 5878
    5879 5942 6354 6455 6510
DPL_USER 0761
    0761 1726 1727 2531 2532
    3473 3568 3584
E0ESC 7866
    7866 8020 8024 8025 8027
    8030
elfhdr 0905
    0905 6765 9369 9374
ELF_MAGIC 0902
    0902 6784 9380
ELF_PROG_LOAD 0936
    0936 6795
end_op 5003
    0337 2641 5003 6085 6179
    6362 6369 6387 6396 6463
    6497 6502 6566 6571 6577
    6586 6590 6608 6612 6628
    6632 6659 6665 6670 6774
    6809 6860
entry 1044
    0911 1040 1043 1044 3352
    3353 6849 7221 9371 9395
    9396
EOI 7516
    7516 7591 7617
ERROR 7537
    7537 7584
ESR 7519
    7519 7587 7588
exec 6760
    0275 6698 6760 6775 8618
    8678 8679 8776 8777
EXEC 8707
    8707 8772 8909 9215
execcmd 8719 8903
    8719 8760 8773 8903 8905
    9171 9177 9178 9206 9216
EXTMEM 0202
    0202 0208 1810
fdalloc 6253
    6253 6275 6582 6712
fetchint 3667
    0413 3667 3704 6689
fetchstr 3681
    0414 3681 3734 6695
file 4300
    0252 0278 0279 0280 0282
    0283 0284 0351 2348 4300
    5121 6010 6015 6025 6028
    6031 6051 6052 6064 6066
    6102 6115 6152 6215 6221
    6224 6253 6270 6284 6303
    6316 6328 6555 6704 6908
    6922 8061 8459 8728 8783
    8784 8914 8922 9122
filealloc 6026
    0278 6026 6582 6928
fileclose 6064
    0279 2634 6064 6070 6321
    6584 6715 6716 6954 6956
filedup 6052
    0280 2602 3126 6052 6056
    6277
fileinit 6019
    0281 1231 6019
fileread 6115
    0282 6115 6130 6290
filestat 6102
    0283 6102 6333
filewrite 6152
    0284 6152 6184 6189 6309
fill_rtcdate 7691
    7691 7713 7716
FL_IF 0704
    0704 1674 1681 2432 2535
    2867
fork1 8888
    8750 8792 8804 8811 8826
    8873 8888
freerange 3251
    3211 3235 3241 3251
freevm 2003
    0438 1831 2003 2008 2062
    2685 3068 6852 6857
FSSIZE 0162
    0162 4428
gatedesc 0855
    0523 0526 0855 3461
getcallerpcs 1627
    0385 1591 1627 3021 8216
getcmd 8834
    8834 8865
gettoken 9006
    9006 9091 9095 9107 9120
    9121 9157 9161 9183
havedisk1 4383
    4383 4413 4512
holding 1652
    0386 1577 1604 1652 2861
holdingsleep 4801
    0395 4508 4667 4678 4801
    5483
HOURS 7676
    7676 7695
ialloc 5354
    0290 5354 5372 6525 6526
IBLOCK 4254
    4254 5361 5385 5464
ICRHI 7530
    7530 7594 7652 7664
ICRLO 7520
    7520 7595 7596 7653 7655
    7665
ID 7513
    7513 7554 7609
IDE_BSY 4366
    4366 4392
IDE_CMD_RDMUL 4373
    4373 4432
IDE_CMD_READ 4371
    4371 4432
IDE_CMD_WRITE 4372
    4372 4433
IDE_CMD_WRMUL 4374
    4374 4433
IDE_DF 4368
    4368 4394
IDE_DRDY 4367
    4367 4392
IDE_ERR 4369
    4369 4394
ideinit 4401
    0306 1232 4401
ideintr 4454
    0307 3524 4454
idelock 4380
    4380 4405 4459 4462 4480
    4515 4529 4533
iderw 4504
    0308 4504 4509 4511 4513
    4658 4670
idestart 4424
    4384 4424 4427 4435 4478
    4525
idewait 4388
    4388 4407 4437 4468
idtinit 3479
    0421 1255 3479
idup 5439
    0291 2603 3127 5439 5912
iget 5404
    5307 5368 5404 5424 5779
    5910
iinit 5292
    0292 2894 5292
ilock 5453
    0293 5453 5459 5475 5915
    6105 6124 6175 6366 6379
    6392 6467 6475 6514 6518
    6528 6574 6662 6778 8383
    8403 8418
inb 0453
    0453 4392 4412 7496 7687
    8014 8017 8261 8263 8485
    8491 8492 8507 8517 8519
    9273 9281 9404
initlock 1562
    0387 1562 2422 3233 3475
    4405 4592 4765 4912 5296
    6021 6936 8426
initlog 4906
    0334 2895 4906 4909
initsleeplock 4763
    0396 4606 4763 5298
inituvm 1886
    0439 1886 1891 2528
inode 4312
    0253 0288 0289 0290 0291
    0293 0294 0295 0296 0297
    0299 0300 0301 0302 0303
    0440 1903 2349 4306 4312
    4330 4331 5124 5288 5298
    5307 5353 5380 5403 5406
    5412 5438 5439 5453 5481
    5508 5532 5560 5606 5638
    5653 5703 5760 5761 5802
    5806 5904 5907 5939 5950
    6355 6402 6453 6506 6509
    6556 6604 6619 6654 6766
    8371 8409
INPUT_BUF 8316
    8316 8318 8340 8352 8354
    8356 8388
insl 0462
    0462 0464 4469 9423
install_trans 4922
    4922 4971 5056
INT_DISABLED 7769
    7769 7814
INTERV 0164
    0164 2807
ioapic 7777
    7458 7475 7476 7774 7777
    7786 7787 7793 7794 7805
IOAPIC 7758
    7758 7805
ioapicenable 7820
    0311 4406 7820 8432 8493
ioapicid 7365
    0312 7365 7476 7808 7809
ioapicinit 7801
    0313 1225 7801 7809
ioapicread 7784
    7784 7806 7807
ioapicwrite 7791
    7791 7814 7815 7825 7826
IPB 4251
    4251 4254 5362 5386 5465
iput 5508
    0294 2640 5508 5535 5810
    5933 6084 6385 6669
IRQ_COM1 3333
    3333 3534 8493
IRQ_ERROR 3335
    3335 7584
IRQ_IDE 3334
    3334 3523 3527 4406
IRQ_KBD 3332
    3332 3530 8432
IRQ_SPURIOUS 3336
    3336 3539 7564
IRQ_TIMER 3331
    3331 3514 3574 7571
isdirempty 6402
    6402 6409 6479
itrunc 5606
    5124 5517 5606
iunlock 5481
    0295 5481 5484 5534 5922
    6107 6127 6178 6375 6589
    6668 8376 8413
iunlockput 5532
    0296 5532 5917 5926 5929
    6368 6381 6384 6395 6480
    6491 6495 6501 6517 6521
    6545 6576 6585 6611 6631
    6664 6808 6859
iupdate 5380
    0297 5380 5519 5632 5729
    6374 6394 6489 6494 6532
    6536
kalloc 3287
    0316 1284 1744 1823 1892
    1939 2051 2493 3287 6930
KBDATAP 7854
    7854 8017
kbdgetc 8006
    8006 8048
kbdintr 8046
    0322 3531 8046
KBS_DIB 7853
    7853 8015
KBSTATP 7852
    7852 8014
KERNBASE 0207
    0207 0208 0210 0211 0213
    0214 1310 1634 1810 1932
    2009
KERNLINK 0208
    0208 1811 9460
KEY_DEL 7878
    7878 7919 7941 7965
KEY_DN 7872
    7872 7915 7937 7961
KEY_END 7870
    7870 7918 7940 7964
KEY_HOME 7869
    7869 7918 7940 7964
KEY_INS 7877
    7877 7919 7941 7965
KEY_LF 7873
    7873 7917 7939 7963
KEY_PGDN 7876
    7876 7916 7938 7962
KEY_PGUP 7875
    7875 7916 7938 7962
KEY_RT 7874
    7874 7917 7939 7963
KEY_UP 7871
    7871 7915 7937 7961
kfree 3264
    0317 1949 1977 1979 2013
    2016 2055 2587 2683 3066
    3112 3256 3264 3269 6952
    6973
kinit1 3231
    0318 1219 3231
kinit2 3239
    0319 1234 3239
KSTACKSIZE 0151
    0151 1058 1067 1285 1874
    2497
kvmalloc 1840
    0433 1220 1840
lapiceoi 7614
    0328 3521 3525 3532 3536
    3542 7614
lapicid 7605
    0326 2435 7605 8213
lapicinit 7558
    0329 1222 1245 7558
lapicstartap 7633
    0330 1289 7633
lapicw 7551
    7551 7564 7570 7571 7572
    7575 7576 7581 7584 7587
    7588 7591 7594 7595 7601
    7617 7652 7653 7655 7664
    7665
lcr3 0590
    0590 1855 1879
lgdt 0512
    0512 0520 1135 1728 9291
lidt 0526
    0526 0534 3481
LINT0 7535
    7535 7575
LINT1 7536
    7536 7576
LIST 8710
    8710 8790 8957 9233
listcmd 8740 8951
    8740 8761 8791 8951 8953
    9096 9207 9234
loaduvm 1903
    0440 1903 1909 1912 6805
log 4888 4900
    4888 4900 4912 4914 4915
    4916 4926 4927 4928 4940
    4943 4944 4945 4956 4959
    4960 4961 4972 4980 4982
    4983 4984 4986 4988 4989
    5007 5008 5009 5010 5011
    5013 5018 5020 5026 5027
    5028 5029 5039 5040 5041
    5053 5057 5076 5078 5081
    5082 5083 5086 5087 5088
    5090
logheader 4883
    4883 4895 4908 4909 4941
    4957
LOGSIZE 0160
    0160 4885 4984 5076
log_write 5072
    0335 5072 5079 5158 5178
    5213 5366 5393 5580 5723
ltr 0538
    0538 0540 1878
mappages 1760
    1760 1829 1894 1946 2054
MAXARG 0158
    0158 6678 6764 6822
MAXARGS 8713
    8713 8721 8722 9190
MAXFILE 4225
    4225 5716
MAXOPBLOCKS 0159
    0159 0160 0161 4984 6167
memcmp 7065
    0401 7065 7387 7438 7717
memmove 7081
    0402 1275 1895 2053 2132
    4929 5042 5136 5392 5471
    5672 5722 5879 5881 7081
    7104 8276
memset 7054
    0403 1747 1825 1893 1945
    2511 2530 3272 5157 5364
    6484 6685 7054 8278 8837
    8908 8919 8935 8956 8969
microdelay 7623
    0331 7623 7654 7656 7666
    7685 8508
min 5123
    5123 5671 5721
MINS 7675
    7675 7694
MONTH 7678
    7678 7697
mp 7202
    7202 7358 7379 7386 7387
    7388 7405 7410 7414 7415
    7418 7419 7430 7433 7435
    7437 7444 7455 7460 7492
MPBUS 7252
    7252 7479
mpconf 7213
    7213 7429 7432 7437 7456
mpconfig 7430
    7430 7460
mpenter 1241
    1241 1286
mpinit 7451
    0341 1221 7451
mpioapic 7239
    7239 7458 7475 7477
MPIOAPIC 7253
    7253 7474
MPIOINTR 7254
    7254 7480
MPLINTR 7255
    7255 7481
mpmain 1252
    1209 1236 1246 1252
mpproc 7228
    7228 7457 7467 7472
MPPROC 7251
    7251 7466
mpsearch 7406
    7406 7435
mpsearch1 7380
    7380 7414 7418 7421
multiboot_header 1029
    1028 1029
namecmp 5753
    0298 5753 5774 6470
namei 5940
    0299 2540 5940 6361 6570
    6658 6773
nameiparent 5951
    0300 5905 5920 5932 5951
    6377 6462 6512
namex 5905
    5905 5943 5953
NBUF 0161
    0161 4580 4603
ncpu 7364
    1277 2313 2438 4406 7364
    7468 7469 7470
NCPU 0152
    0152 2312 7363 7468
NDEV 0156
    0156 5659 5709 6012
NDIRECT 4223
    4223 4225 4234 4324 5565
    5570 5574 5575 5612 5619
    5620 5627 5628
NELEM 0448
    0448 1828 3015 3813 6687
nextpid 2416
    2416 2482
NFILE 0154
    0154 6015 6031
NINDIRECT 4224
    4224 4225 5572 5622
NINODE 0155
    0155 5288 5297 5412
NO 7856
    7856 7902 7905 7907 7908
    7909 7910 7912 7924 7927
    7929 7930 7931 7932 7934
    7952 7953 7955 7956 7957
    7958
NOFILE 0153
    0153 2348 2600 2632 3124
    6228 6258
NPDENTRIES 0791
    0791 1306 2010
NPROC 0150
    0150 2411 2473 2651 2676
    2763 2774 2782 2821 2955
    2974 3012 3034 3059
NSEGS 0721
    0721 2305
nulterminate 9202
    9065 9080 9202 9223 9229
    9230 9235 9236 9241
NUMLOCK 7863
    7863 7896
O_CREATE 4103
    4103 6563 9128 9131
O_RDONLY 4100
    4100 6575 9125
O_RDWR 4102
    4102 6596 8664 8666 8857
outb 0471
    0471 4410 4419 4438 4439
    4440 4441 4442 4443 4445
    4448 7495 7496 7641 7642
    7684 8260 8262 8281 8282
    8283 8284 8474 8477 8478
    8479 8480 8481 8482 8509
    9278 9286 9414 9415 9416
    9417 9418 9419
outsl 0483
    0483 0485 4446
outw 0477
    0477 1180 1182 9324 9326
O_WRONLY 4101
    4101 6595 6596 9128 9131
P1TO2 0165
    0165 2835
P2TO3 0166
    0166 2831
P2V 0211
    0211 1219 1234 1274 1742
    1826 1918 1978 2012 2053
    2111 7384 7412 7437 7643
    8252
panic 8205 8881
    0272 1578 1605 1682 1684
    1771 1827 1863 1865 1867
    1891 1909 1912 1977 2008
    2028 2046 2048 2433 2442
    2527 2629 2662 2862 2864
    2866 2868 2906 2909 3269
    3555 4427 4429 4435 4509
    4511 4513 4646 4668 4679
    4909 5010 5077 5079 5186
    5211 5372 5424 5459 5475
    5484 5586 5767 5771 5817
    5825 6056 6070 6130 6184
    6189 6409 6478 6486 6526
    6539 6543 7461 7490 8163
    8205 8213 8273 8751 8770
    8803 8881 8894 9078 9122
    9156 9160 9186 9191
panicked 8069
    8069 8219 8303
parseblock 9151
    9151 9156 9175
parsecmd 9068
    8752 8874 9068
parseexec 9167
    9064 9105 9167
parseline 9085
    9062 9074 9085 9096 9158
parsepipe 9101
    9063 9089 9101 9108
parseredirs 9114
    9114 9162 9181 9192
PCINT 7534
    7534 7581
pde_t 0103
    0103 0434 0435 0436 0437
    0438 0439 0440 0441 0444
    0445 1210 1260 1306 1710
    1735 1737 1760 1817 1820
    1823 1886 1903 1927 1961
    2003 2022 2034 2035 2037
    2102 2118 2339 6768
PDX 0782
    0782 1740 1973
PDXSHIFT 0796
    0782 0788 0796 1310
peek 9051
    9051 9075 9090 9094 9106
    9119 9155 9159 9174 9182
PGADDR 0788
    0788 1973
PGROUNDDOWN 0799
    0799 1765 1766 2125
PGROUNDUP 0798
    0798 1937 1969 3254 6814
PGSIZE 0793
    0793 0798 0799 1305 1747
    1775 1776 1825 1890 1893
    1894 1908 1910 1914 1917
    1938 1945 1946 1970 1973
    2044 2053 2054 2129 2135
    2529 2536 3255 3268 3272
    6803 6815 6817
PHYSTOP 0203
    0203 1234 1812 1826 1827
    3268
pipe 6912
    0254 0352 0353 0354 4305
    6081 6122 6159 6912 6924
    6930 6936 6940 6944 6961
    6980 7001 8613 8802 8803
PIPE 8709
    8709 8800 8936 9227
pipealloc 6922
    0351 6709 6922
pipeclose 6961
    0352 6081 6961
pipecmd 8734 8930
    8734 8762 8801 8930 8932
    9108 9208 9228
piperead 7001
    0353 6122 7001
PIPESIZE 6910
    6910 6914 6986 6994 7016
pipewrite 6980
    0354 6159 6980
popcli 1679
    0390 1622 1657 1679 1682
    1684 1880 2458
printint 8077
    8077 8176 8180
proc 2337
    0255 0364 0369 0442 1205
    1558 1706 1860 2309 2337
    2343 2406 2411 2414 2452
    2454 2457 2467 2468 2473
    2520 2557 2577 2578 2624
    2625 2651 2668 2670 2676
    2758 2759 2761 2763 2774
    2782 2803 2815 2820 2821
    2859 2903 2953 2955 2971
    2974 3008 3012 3032 3034
    3051 3053 3059 3102 3103
    3455 3559 3655 3669 3684
    3714 3810 3857 4357 4758
    5116 6211 6256 6655 6754
    6769 6904 7361 7457 7467
    7469 8064 8461
proghdr 0924
    0924 6767 9370 9384
PTE_ADDR 0807
    0807 1742 1913 1975 2012
    2049 2111
PTE_FLAGS 0808
    0808 2050
PTE_P 0801
    0801 1308 1310 1741 1751
    1770 1772 1974 2011 2047
    2107
PTE_PS 0804
    0804 1308 1310
pte_t 0811
    0811 1734 1738 1742 1744
    1763 1906 1963 2024 2038
    2104
PTE_U 0803
    0803 1751 1894 1946 2029
    2109
PTE_W 0802
    0802 1308 1310 1751 1810
    1812 1813 1894 1946
PTX 0785
    0785 1753
PTXSHIFT 0795
    0785 0788 0795
pushcli 1667
    0389 1576 1655 1667 1869
    2455
rcr2 0582
    0582 3554 3561
readeflags 0544
    0544 1671 1681 2432 2867
read_head 4938
    4938 4970
readi 5653
    0301 1918 5653 5770 5816
    6125 6408 6409 6782 6793
readsb 5131
    0287 4913 5131 5300
readsect 9410
    9410 9445
readseg 9429
    9364 9377 9388 9429
recover_from_log 4968
    4902 4917 4968
REDIR 8708
    8708 8780 8920 9221
redircmd 8725 8914
    8725 8763 8781 8914 8916
    9125 9128 9131 9209 9222
REG_ID 7760
    7760 7807
REG_TABLE 7762
    7762 7814 7815 7825 7826
REG_VER 7761
    7761 7806
release 1602
    0388 1602 1605 2477 2490
    2550 2615 2691 2702 2842
    2879 2887 2919 2932 2964
    2980 2984 3039 3043 3083
    3090 3139 3280 3297 3519
    3926 3931 3944 4462 4480
    4533 4626 4641 4695 4780
    4790 4807 4989 5020 5029
    5090 5415 5431 5443 5514
    5527 6034 6038 6058 6072
    6078 6972 6975 6988 6997
    7008 7019 8201 8364 8382
    8402 8417
releasesleep 4784
    0394 4681 4784 5486 5523
ROOTDEV 0157
    0157 2894 2895 5910
ROOTINO 4204
    4204 5910
rtcdate 0950
    0256 0325 0950 7691 7702
    7704
run 3215
    3006 3215 3216 3222 3266
    3276 3289 7461
runcmd 8756
    8756 8770 8787 8793 8795
    8809 8816 8827 8874
RUNNING 2334
    2334 2806 2865 3006 3573
safestrcpy 7132
    0404 2539 2605 3129 6843
    7132
sb 5127
    0287 4254 4260 4911 4913
    4914 4915 5127 5131 5136
    5172 5173 5174 5207 5300
    5301 5302 5303 5304 5360
    5361 5385 5464 7705 7707
    7709
SCROLLLOCK 7864
    7864 7897
SECS 7674
    7674 7693
SECTOR_SIZE 4365
    4365 4430
SECTSIZE 9362
    9362 9423 9436 9439 9444
SEG 0751
    0751 1724 1725 1726 1727
SEG16 0755
    0755 1870
SEG_ASM 0660
    0660 1189 1190 9334 9335
segdesc 0725
    0509 0512 0725 0751 0755
    2305
seginit 1715
    0432 1223 1244 1715
SEG_KCODE 0714
    0714 1143 1724 3472 3473
    9303
SEG_KDATA 0715
    0715 1153 1725 1873 3413
    9308
SEG_NULLASM 0654
    0654 1188 9333
SEG_TSS 0718
    0718 1870 1872 1878
SEG_UCODE 0716
    0716 1726 2531
SEG_UDATA 0717
    0717 1727 2532
SETGATE 0875
    0875 3472 3473
setupkvm 1818
    0434 1818 1842 2042 2526
    6787
SHIFT 7858
    7858 7886 7887 8035
skipelem 5865
    5865 5914
sleeplock 4051
    0258 0393 0394 0395 0396
    4004 4051 4316 4361 4574
    4760 4763 4772 4784 4801
    4854 5118 6009 6214 6907
    8059 8457
spinlock 1501
    0257 0370 0384 0386 0387
    0388 0424 1501 1559 1562
    1574 1602 1652 2407 2410
    2902 3209 3220 3458 3463
    4053 4360 4380 4573 4579
    4759 4853 4889 5117 5287
    6008 6014 6213 6906 6913
    8058 8072 8456
STA_R 0667 0766
    0667 0766 1189 1724 1726
    9334
start 1123 8559 9261
    1122 1123 1166 1174 1176
    4890 4914 4927 4940 4956
    5040 5302 8558 8559 9260
    9261 9317
startothers 1264
    1208 1233 1264
stat 4154
    0259 0283 0302 4154 5114
    5638 6102 6209 6329 8653
stati 5638
    0302 5638 6106
STA_W 0666 0765
    0666 0765 1190 1725 1727
    9335
STA_X 0665 0764
    0665 0764 1189 1724 1726
    9334
sti 0563
    0563 0565 1686 2769
stosb 0492
    0492 0494 7060 9390
stosl 0501
    0501 0503 7058
strlen 7151
    0405 6824 6825 7151 8868
    9073
strncmp 7108
    0406 5755 7108
strncpy 7118
    0407 5822 7118
STS_IG32 0770
    0770 0881
STS_T32A 0769
    0769 1870
STS_TG32 0771
    0771 0881
sum 7368
    7368 7370 7372 7374 7375
    7387 7442
superblock 4213
    0260 0287 4213 4911 5127
    5131
SVR 7517
    7517 7564
switchkvm 1853
    0443 1243 1843 1853 2811
switchuvm 1860
    0442 1860 1863 1865 1867
    2568 2804 6851
swtch 3159
    0381 2810 2870 3158 3159
syscall 3807
    0415 3507 3657 3807
SYSCALL 8603 8610 8611 8612 8613 8614 8615 8616 8617 8618 8619 8620 8621 8622 8623 8624 8625 8626 8627 8628 8629 8630 8632 8633 8634 8635
    8610 8611 8612 8613 8614
    8615 8616 8617 8618 8619
    8620 8621 8622 8623 8624
    8625 8626 8627 8628 8629
    8630 8632 8633 8634 8635
SYS_change_prio 3623
    3623 3800
sys_chdir 6651
    3750 3786 6651
SYS_chdir 3609
    3609 3786
sys_close 6313
    3751 3798 6313
SYS_close 3621
    3621 3798
sys_dup 6268
    3752 3787 6268
SYS_dup 3610
    3610 3787
sys_exec 6676
    3753 3784 6676
SYS_exec 3607
    3607 3784 8563
sys_exit 3866
    3754 3779 3866
SYS_exit 3602
    3602 3779 8568
sys_fork 3860
    3755 3778 3860
SYS_fork 3601
    3601 3778
sys_fstat 6326
    3756 3785 6326
SYS_fstat 3608
    3608 3785
sys_getpid 3889
    3757 3788 3889
SYS_getpid 3611
    3611 3788
sys_kill 3879
    3758 3783 3879
SYS_kill 3606
    3606 3783
sys_link 6352
    3759 3796 6352
SYS_link 3619
    3619 3796
sys_mkdir 6601
    3760 3797 6601
SYS_mkdir 3620
    3620 3797
sys_mknod 6617
    3761 3794 6617
SYS_mknod 3617
    3617 3794
sys_open 6551
    3762 3792 6551
SYS_open 3615
    3615 3792
sys_pipe 6701
    3763 3781 6701
SYS_pipe 3604
    3604 3781
sys_read 6282
    3764 3782 6282
SYS_read 3605
    3605 3782
sys_sbrk 3901
    3765 3789 3901
SYS_sbrk 3612
    3612 3789
SYS_set_prio 3626
    3626 3803
sys_sleep 3915
    3766 3790 3915
SYS_sleep 3613
    3613 3790
sys_unlink 6451
    3767 3795 6451
SYS_unlink 3618
    3618 3795
sys_uptime 3938
    3770 3791 3938
SYS_uptime 3614
    3614 3791
sys_wait 3873
    3768 3780 3873
SYS_wait 3603
    3603 3780
SYS_wait2 3624
    3624 3801
sys_write 6301
    3769 3793 6301
SYS_write 3616
    3616 3793
SYS_yield2 3625
    3625 3802
taskstate 0814
    0814 2304
TDCR 7541
    7541 7570
T_DEV 4152
    4152 5658 5708 6627
T_DIR 4150
    4150 5766 5916 6367 6479
    6487 6534 6575 6607 6663
T_FILE 4151
    4151 6519 6564
ticks 3464
    0422 3464 3517 3518 3923
    3924 3929 3943
tickslock 3463
    0424 3463 3475 3516 3519
    3922 3926 3929 3931 3942
    3944
TICR 7539
    7539 7572
TIMER 7531
    7531 7571
T_IRQ0 3329
    3329 3514 3523 3527 3530
    3534 3538 3539 3574 7564
    7571 7584 7814 7825
TPR 7515
    7515 7601
trap 3501
    3352 3354 3419 3501 3553
    3555 3558
trapframe 0602
    0602 2344 2502 3501
trapret 3424
    2418 2507 3423 3424
T_SYSCALL 3326
    3326 3473 3503 8564 8569
    8607
tvinit 3467
    0423 1229 3467
uart 8466
    8466 8487 8505 8515
uartgetc 8513
    8513 8525
uartinit 8469
    0427 1227 8469
uartintr 8523
    0428 3535 8523
uartputc 8501
    0429 8310 8312 8497 8501
uva2ka 2102
    0435 2102 2126
V2P 0210
    0210 1287 1289 1751 1811
    1812 1855 1879 1894 1946
    2054 3268
V2P_WO 0213
    0213 1040 1050
VER 7514
    7514 7580
waitdisk 9401
    9401 9413 9422
walkpgdir 1735
    1735 1768 1911 1971 2026
    2045 2106
write_head 4954
    4954 4973 5055 5058
writei 5703
    0303 5703 5824 6176 6485
    6486
write_log 5035
    5035 5054
xchg 0569
    0569 1256 1581
YEAR 7679
    7679 7698
